1.044083911775348872e+00
5.773439319620483623e-01
2.071404030295262988e-01
-4.289293262788860250e-01
-3.645478675494647769e-01
4.443127490935155910e-01
-1.320719203782386338e-02
-1.174401748814457580e+00
2.451672666267099288e-01
-4.925336084333942765e-01
1.487062867415094747e+00
-4.960434339211729493e-01
7.012396870517532133e-01
5.171904293586144785e-01
-1.538386482169300296e+00
5.365412552610452496e-02
-7.718100704134529533e-01
-9.352531764522912239e-01
2.512059356971191315e-01
2.635444930492425453e+00
1.751528182451440818e+00
-5.342773048809729836e-02
-7.061309678634517528e-01
-2.239976083785358285e-01
1.832981487908340146e+00
-1.147027620449633245e+00
1.553316782743394964e-01
1.286725900460761185e+00
-1.325444226976921103e+00
-7.772551186839941062e-01
-1.076341339799033792e+00
-1.274709238979128134e+00
7.616185381959114098e-01
1.968456021273382817e+00
-4.386712605472427584e-01
-5.935970774897213476e-01
-3.792217353868860830e+00
-1.074202355616970639e+00
5.566520844648903399e-01
-1.402968479170907945e-01
-5.460411626178792721e-01
-3.207776078077031467e+00
-2.765057672213574458e-01
-1.506512049995522906e+00
-9.065017287435797599e-02
-1.097184057360389042e+00
7.607805451964674281e-01
2.727132805254302017e-01
-1.779008146519025224e-01
9.922420267229917767e-01
-1.289073924146242334e+00
5.388379660431871221e-01
1.543169146781573797e+00
-1.045537030510776288e+00
-6.397758695579557342e-01
-2.083209614704713442e+00
-3.956702547709471940e-01
4.667664090118652798e-01
-2.365851024034943073e+00
-1.188765146428969910e+00
-1.986434894910827920e+00
7.962889903423510107e-01
-7.533097162196502605e-01
-9.712556281368355249e-01
8.398620821628904887e-02
5.578933608460686644e-01
9.182490391874552627e-01
1.121517048773311709e+00
-7.764267220053300278e-01
5.056435661050301400e-01
-7.669191815039584359e-01
-4.270231968662252520e-01
-1.577876476342539247e+00
-1.658152315498950258e-01
7.121894587768202722e-01
3.798139516259261828e-01
6.741793691052837545e-01
-1.522833070961440438e-01
-7.495329935702577107e-01
6.690359929160254182e-02
-1.877243154621796861e-01
6.346384919035932826e-02
-1.189947538700868862e-01
-2.387239293029798648e-01
-1.453922433348030285e+00
1.304497773995741738e+00
3.022959954336836841e-01
3.381104925960068397e-01
-2.754420981219227876e-02
1.208799400115605938e+00
5.458244973263319810e-01
-8.917994758193836802e-01
-2.222552264076374406e+00
3.846552849762169823e-01
5.751006508451306232e-01
-7.376895861092551687e-01
-2.500849235918330415e-01
2.665020231450073718e-01
-5.237962396753861327e-01
1.567729789493969683e+00
7.057844139679075868e-01
9.670876524468284829e-01
5.932702441270081284e-01
-1.043360113039219605e+00
-3.466633183140958585e-01
-4.566989133361983866e-01
-1.615646636222854149e-01
3.470614702636152793e-01
7.084510685757928750e-01
-2.433014673308103448e-01
-2.107904272260665124e+00
6.949658687591346862e-01
-6.961779592273262818e-01
-4.783858489889330490e-01
1.060720791226559934e+00
-7.539689519846592969e-01
-4.224532499553495524e-01
8.253739479806523338e-01
-1.667317259877258706e-01
-1.117187009781827334e-01
-4.623909011581071593e-01
6.565565447066136207e-01
-2.041502799129772505e+00
9.367961108142419668e-02
1.799937023447345075e+00
-1.283872379310040834e+00
1.203453189769287057e+00
8.261208575609253479e-01
1.331556783000429567e+00
-1.202270608088286785e+00
-6.308001815456114325e-02
-7.899396487381964427e-01
3.305057672473454278e-01
-1.093397746241357771e+00
-5.075851341850110693e-02
-6.189230731127428609e-01
-1.203713997574487493e+00
-1.113371102221099862e-01
-3.905438634390500097e-01
3.123498939956490528e-01
-1.638885248710616471e+00
6.644350947502712934e-01
-5.888853942969188848e-01
2.008513605232010724e-01
-7.457229273715410001e-01
1.076305256459934911e+00
-1.039699580582305938e+00
1.659946609945765150e+00
1.494429680551355277e+00
-2.145464813295016315e-01
4.057387488677824394e-01
8.488535806668312533e-02
-2.922509744952941912e-01
2.260258247895493289e-01
1.214799074448282390e+00
2.985664599427113597e-01
2.862710367487431018e-01
-2.303954678688443225e-01
-8.292583335768465291e-01
2.215207556673049472e-01
1.109625530801982674e+00
1.096090029364330531e+00
1.618607994610487266e-01
-1.575303593263836843e+00
-6.483365837021197731e-01
-1.444324338495181381e+00
-9.527427425208143674e-01
1.652188602612376211e+00
1.502436703236873228e-01
-1.141725999801223440e-01
-9.783955092950291643e-01
4.774794922415666609e-01
-1.315955478762681707e+00
-6.593211184479045306e-01
9.979493169159185939e-01
6.227567328667287239e-01
-1.890699832924639168e+00
1.788945157883075510e+00
1.099812578202906455e+00
-7.113988104256053768e-01
2.264130763817881198e-01
-6.733548690381244706e-01
3.861869135642125861e-01
1.161322598178607279e+00
-6.035770600509571260e-01
6.699395682794490048e-01
-1.472031649738637427e+00
-1.933379779946460486e+00
-5.959861224488085529e-01
6.938065230243504189e-01
9.813380987724966698e-01
1.413027131409451576e+00
-3.205475709645679294e-01
-6.525847630780909903e-01
8.039777213286610769e-01
5.421332472254061230e-01
-4.343258787586196101e-01
-1.307060801285993668e+00
5.282588775525529079e-02
1.647173037646396665e-01
-8.074116637227839455e-01
-8.009690540604220699e-01
-1.408826351615844352e+00
4.449546669187895986e-01
-8.897021464463179541e-01
-1.594262327572350812e-01
4.269056172416886841e-01
5.042711961402511767e-01
1.037457880064778459e+00
-1.797523063361671780e-01
1.448619033791128941e-01
1.083395096677901792e+00
1.104109980765288768e+00
-4.021408525836706049e-01
2.279518235797368952e-02
-1.684204026317469016e-01
-1.025458095277217430e+00
7.608404405600920350e-01
1.920510716436295284e-01
-8.615627183332690286e-01
-1.956508848617807481e-02
-1.095578520415841250e+00
-1.656657525979294387e+00
-3.130793932545107849e-01
-4.446017689183269228e-01
1.042030962090723989e+00
1.238700893280251097e-01
1.699089239191252876e+00
-9.886211992079325661e-01
-7.211028871211341285e-01
-1.094340509709360143e+00
3.800014935524703708e-02
2.856339364963816352e-01
-1.116651239254089628e-01
-7.849450313483844477e-01
-1.788114919992805085e-01
-1.191953162081403894e+00
8.581066511248208739e-01
2.281748624350992405e-01
-1.645330664267983689e+00
-4.781134526176946120e-01
-9.907160942893814548e-01
1.395706848679334477e+00
-1.561059481312004893e+00
-3.151546820053310327e-01
-1.676917095936198754e+00
-9.794999994801535381e-01
2.392320391499972165e-01
7.319052881822524226e-01
1.319943634045882330e+00
-5.641547591207515255e-01
7.919407568611414039e-01
-8.027537849756493094e-01
-1.861229414791897062e-03
-3.860627952702075372e-02
-1.029780044975482811e+00
7.747503481181249319e-01
4.514398507522411896e-01
2.094228528168296855e+00
5.796328231560351485e-01
-1.570547508783618484e+00
-5.944039002497677471e-01
1.635158371248729647e+00
-7.694776466602011311e-01
-1.736856493294114678e-01
-3.175673508531078326e-01
6.826700753937269273e-01
-1.153921926602198833e-01
1.267628971152793715e+00
-7.787402758993072771e-01
6.517920788858578250e-03
5.267740897152047852e-01
8.234885630371656384e-02
3.894722421817021774e-01
1.380417179920870596e-01
-1.471409785850506413e+00
6.549099231332901061e-01
-4.843431967681153250e-01
1.014698709119822517e+00
3.774410983914475715e-01
5.802654117469687733e-01
5.922115686875378121e-02
2.211951475516390209e-01
1.012099785399494190e+00
-1.694661006720210361e+00
-1.581196943339989947e+00
3.283923464598652031e-01
-4.362219939562730908e-01
-1.464146844759918187e+00
1.711592907212077908e+00
-1.254787537896923322e+00
-7.297771222478551811e-01
-2.651298804438839002e-02
9.265795960489561223e-01
-4.114123324849000007e-01
-7.996552630904271153e-01
-1.373381662822425575e+00
3.880351320337795812e-02
1.614009447583671097e-01
-8.389102618399276734e-01
-9.776426077585378405e-01
1.093414661921783049e+00
-4.718832944738147184e-01
1.808068074687246007e-01
-5.527387606128800757e-01
-1.034911075089772980e+00
3.753224238926836098e-01
1.087691060890540351e+00
1.579411733980647381e-01
9.047315632488592829e-01
-1.316623563180644219e+00
1.081417417009461306e-02
-9.198742533130671584e-01
3.973877403453351942e-01
7.418001872433118704e-01
8.440564183029619638e-01
2.089234009663464564e-01
-9.181022938855959437e-01
1.282492439264651951e-01
9.561762529233358565e-01
1.212552524810296406e+00
-5.957301714635655498e-01
2.162552560875917462e-01
-3.469572117930866395e-02
5.043658738821049647e-01
1.273010324333752719e+00
-1.722235183475687936e+00
5.828833154056859422e-01
5.675596917165215416e-01
-7.405546053702106724e-01
-6.019054868899645916e-01
-6.509613145107705501e-01
-9.918917407264864483e-01
-1.790389562043920746e+00
3.428340000413369060e-01
9.719833924119299917e-01
7.238933987504027057e-01
-1.008124870995539268e+00
1.936741744378817742e+00
6.826736136076572148e-01
-1.503919764596420405e+00
-2.361248724664882781e-01
-8.615663605572064787e-01
4.487739044750886919e-01
1.267808617645088676e+00
2.093337267424954629e+00
-7.720695189520816459e-01
-7.080068232628494718e-01
-1.004518567860932077e+00
4.049606544626230820e-01
-1.530520251628982642e+00
5.359682329200465833e-01
7.655530524615858923e-01
-5.831173936097495680e-01
9.487036700697625280e-01
7.452311703023061229e-01
8.908044190359831749e-01
-2.666244725246801894e-01
2.435982608693294971e+00
6.808112540880633112e-01
1.069818479207721662e+00
1.282019795628278835e+00
-1.554381533037926033e+00
-1.562867227022942451e+00
-2.310322563181057109e+00
5.229333112560710095e-01
5.865477677415840141e-01
5.519085545679611876e-02
1.470850661563283479e+00
-4.121531256918258834e-01
3.773390796506746470e-01
4.953577193340830132e-01
1.175499772687831568e+00
-3.886228296955675510e-01
7.991782875602383360e-03
1.947972158396694686e+00
-2.010025585341786158e-01
1.290550366071138599e+00
-4.230468686680614598e-01
5.555820143315229886e-01
1.678338450539740290e+00
1.291650274032978274e+00
1.025116353456821949e-01
7.623284866191646358e-01
-3.349529317908165549e+00
-5.470361550877091972e-01
-8.332716096875357747e-01
-1.005507435862708077e+00
2.811036135487320342e-01
-3.304016545314162889e-01
8.010625746107807865e-01
3.937147946507895679e-01
-9.600449472641013615e-02
3.050772389758606984e-01
3.671687970444392213e-01
1.658071271768842614e+00
-3.723022782276970422e-02
2.550258860989324639e+00
-9.741714963881425993e-01
-2.719658903353604718e+00
-6.063818842661785613e-01
-1.130542761772235366e-01
8.287039372137664506e-01
7.915200030717420843e-01
1.708990126900892914e+00
1.033418087397880436e-02
-3.757607290804882427e-01
-1.271735729567516682e+00
-2.531259280058417716e-01
-1.018551663890919112e+00
1.481426095890902683e+00
-8.672102466419390199e-01
3.871161211058550822e-01
-7.651037569283867246e-01
-1.212837428886805347e+00
4.556278697960368107e-01
-4.347041122807959734e-02
1.722300648403377044e-01
8.590853649694858707e-02
5.416604298414118279e-01
1.096635996000300484e+00
2.900078506577070669e-01
-2.541201794162589039e-02
-1.190519668716401469e+00
7.773066909896655385e-01
6.018839099106454427e-01
-1.112935496508422190e-02
-7.924074035040969965e-01
-5.260031780245717492e-01
-1.259883649273360051e+00
-5.494332040878268097e-01
1.815860120548044507e-02
1.829658982501077169e+00
-4.002566682901554929e-01
-1.444694131237581614e-01
2.310470363517357628e-01
-2.058298116372480280e+00
3.290784065540095504e-01
1.073153077451436399e+00
-5.883434974646781779e-01
-2.448792682053526071e-01
-5.027982747683631404e-01
8.599131197223174733e-04
-1.295873063144493686e+00
2.968176857901609900e-01
4.394648838825187531e-01
5.844905000349301938e-01
8.467663753704701701e-01
2.720976797010825621e-01
1.235371778723254543e+00
-2.206313829071099297e-01
-3.667183782756436305e-01
-1.740347197037044769e+00
-1.869739411331501899e-01
8.500969376410270062e-01
-1.695949588677547526e+00
-1.305305534677234203e+00
-3.924620920087368292e-02
-4.246406093143498817e-01
7.533579836912929206e-01
1.091809455441804744e+00
-4.705016346691340834e-01
-5.435090939246424169e-01
2.446855310725235266e-01
-1.940335526921578069e+00
1.239971807067136833e+00
1.882411612241551513e+00
-2.852305092313675017e-01
3.752979764640491933e-02
2.095405872556581062e-01
-1.420117061005774062e+00
-1.397386653674639101e+00
-1.460156103194355293e+00
4.802714151658841746e-01
-1.924978243825845148e+00
1.342012963103762224e-01
-8.967765774958602609e-02
-1.491655406955452179e+00
-1.146754379772129129e+00
-1.276089145091078292e-01
-1.596142231389627852e+00
3.778541656483829225e-01
5.489858540637252426e-01
-1.576357619403943700e+00
1.757330709229744770e+00
9.095628595473447264e-01
1.864831255800757370e-01
1.574097832713942380e-01
-1.062347797325059240e+00
2.806168944593850911e-01
-8.243409531606809004e-01
1.033601032658850727e+00
2.029488641690595063e+00
-2.503230187469165924e-01
-1.839355039214017329e-01
-6.876723095670307373e-01
1.232307737924857038e+00
1.784827520377286481e-01
3.456009646604295549e-01
-6.614271512731402236e-01
-3.887695711087343353e-01
5.313944935120624713e-01
1.358309645041080593e-01
3.724418608384722496e-01
1.848047479533721393e+00
8.738890511469740163e-01
7.871565994954087264e-01
-1.439346257374089777e-01
1.363949620647461503e+00
-7.228339380250006219e-01
1.197935910052127850e+00
-2.481503479424697622e-01
