1.515492010524963851e+00
1.679359133918628955e-01
1.134621437332240301e+00
-3.949032993932209412e-01
-1.605487903969753105e-01
-6.263476041423875484e-01
-1.296655506638590083e+00
-2.501599610529889328e-01
-4.108635378302961660e-01
-1.344314290938561696e+00
-1.251952557836355284e+00
8.957926596187151258e-01
1.289632693859721346e+00
2.031570712129064926e+00
2.157186206049380051e+00
-1.263151662557108645e+00
-2.150253078061162615e+00
-4.265750355156502915e-01
-7.036422706140897654e-02
1.746716000576384209e+00
-7.138551087189239919e-01
-7.458751354797654720e-01
2.856104855329411052e-01
9.537159085962467753e-01
-5.669315730406011555e-01
-1.141431342829650086e+00
6.535684829258291140e-02
1.019093701573266397e+00
1.136101477018104100e-01
-8.264950086018458819e-01
1.491434063384145636e+00
-3.606389193643683710e-01
1.008410265762078040e-01
-4.320540499407743429e-01
-1.145528304667856462e-01
3.645167160440916376e-01
1.307054861438571303e+00
-3.303994195663532141e-01
2.099455473152991303e+00
4.855425131974140385e-01
1.075669067065068152e+00
-3.311668973489495515e-01
3.920212369417783171e-01
-6.668488963948832060e-01
5.150193759180954345e-01
5.662393410673104421e-01
3.618042066969359444e-03
-4.320465131599500186e-01
-1.073814252642907752e+00
-1.231287701132857348e+00
8.364520043687597717e-01
-1.814560285739889256e+00
1.129699182111574940e+00
-1.253698864385728064e-03
-1.360530966948557907e+00
6.110966131880615215e-01
-7.325080685078038112e-01
5.592611036749838282e-01
2.702892924516657303e+00
-6.035964041259608281e-01
4.799869084787818790e-02
-8.993772877564296664e-01
8.500789041090351938e-01
1.228188755085005551e-01
8.518322846304207663e-02
-1.207858863436644725e+00
-1.180701819335040065e-01
1.012919436904675431e-02
-5.328114732012759758e-01
3.574763588897929556e-01
-6.221189448576934788e-01
2.485796879867434583e-01
1.290101888903147476e+00
-1.068843983506858830e+00
3.632046367734021453e-01
-5.455302016611612848e-01
-1.031098122309035858e+00
6.691656872334545980e-01
-6.455841699838363867e-01
1.113862191736374463e-01
-6.974479861085414178e-01
-1.828261712175696774e+00
-2.075975587436358349e+00
-6.278862828954051567e-01
-9.602433561169142484e-01
-1.255530829810105609e-01
-2.153594002412457353e+00
7.997891937329183742e-02
1.480922630283442454e-01
4.515691784482118165e-01
-2.387570809185712850e-01
-5.886779692174873985e-02
1.288531532252952472e+00
-1.155726722004942086e+00
1.373098859128714988e+00
2.741655953978487936e-01
-4.744302775919639892e-02
1.812492465756422311e+00
-1.515891892467683633e+00
-7.846550331140524914e-01
5.174599965214824460e-01
-2.267120532797645693e-01
7.745031631629961666e-01
6.941299025189890948e-01
-9.502345857377088034e-01
4.628491547137609241e-01
2.061074914403214109e+00
-7.021002082152678625e-01
5.102677888266982098e-01
-2.285153470419480026e+00
6.917043539295787413e-01
-1.344196036123187499e+00
-1.193120958064104557e-02
-2.964571525950714936e-01
-1.118562179634426980e-02
1.120559284749095275e+00
-6.382238112607184766e-01
-1.789690621532692871e+00
1.153948257869564342e+00
-2.339122928374670618e+00
-9.252898946672866165e-01
9.996865343471877940e-01
2.235833848444030547e+00
1.724073621548174451e+00
-2.024505957987492166e-01
5.229462326860011556e-01
8.194155088176782176e-01
-5.417538995001135449e-01
-4.624747021040529482e-01
1.059627945192554321e+00
1.043193894457148607e+00
-6.423181876803581991e-01
-1.336771401611397181e+00
-7.389478682587787839e-01
-2.159355801563108912e+00
-6.833173839290597185e-01
2.092468542240425222e+00
2.469303022391827085e+00
-2.425394722301911221e-01
-7.226664532962261411e-01
4.331024318029551567e-01
1.022807659017278326e+00
-1.908859793416857631e+00
-7.043074214995529436e-01
1.202565670080904203e+00
1.348138935459854304e+00
9.124552427230405716e-01
1.579903291299022738e+00
-1.699991683036516099e-01
-1.048100058579719551e-01
-1.313981816804180802e+00
-3.016961184969796927e-01
-3.148661781020006822e-01
-2.710573322853385148e-01
-1.392146188491092673e-01
1.113953645400343806e+00
2.294196175272171789e-01
-1.097213882512828809e+00
-2.595519285252274599e-01
-6.562798599927613941e-01
2.376362394136024569e-01
1.273932899041625655e+00
1.590081977186268841e-02
-1.510693355200389831e+00
-5.004009847649687481e-01
-2.660997458823983308e+00
-1.749489332480760995e+00
1.571916098701153230e-01
2.789408917839575341e+00
6.450024812045518363e-01
-5.536303802903885796e-01
2.439702686771750839e-01
1.889840241710903035e+00
-5.912440917578420940e-01
-9.198005579510036833e-01
-1.023376259789568588e+00
1.966546486363969670e+00
2.815423629493171154e-01
4.224160527532291876e-01
5.476734883636354967e-01
-5.922152587236253485e-01
-6.539560773363271018e-01
-5.456210043563447520e-01
-6.907394889468632115e-01
-7.075756130748450667e-01
-1.899708985353430135e+00
-1.252410603840202308e+00
1.568833689564588241e-01
1.700964017629108260e-01
1.573279348745236117e+00
3.110998234916342864e-01
1.446153487783633951e+00
8.196087784996249903e-01
-1.569002000059305901e+00
1.147871710674002177e-01
4.087346961949819280e-01
-1.252624757274342970e+00
-1.407851397092111823e+00
4.311250364804841140e-01
1.633712710921805922e+00
-1.138571942298493900e+00
1.669985141091714587e+00
-6.173332917168792289e-01
-6.918447586978249131e-01
-3.209349986301265334e-01
1.068044988690262542e+00
-8.509546486830086298e-01
1.412926131735115776e-01
4.691118854224284873e-01
1.358846960700652584e+00
-4.182380520922001632e-01
-6.911404789330966025e-01
1.107808953668356494e-01
-7.437346685001379187e-01
-1.028901615129427016e+00
1.655611215687593285e+00
2.966267065590074137e-01
1.203182048483112804e-01
1.319181360641463963e+00
-7.768632957789808891e-02
1.843470784107718696e+00
-2.213368585692135682e+00
-1.122763400693604252e+00
5.166081847216951184e-01
1.130394233906307111e+00
1.419254538676547051e-01
-1.155452059887300598e+00
5.557576174495643118e-01
-7.842371143516446708e-01
-1.056355955777505518e+00
-6.256089881505431105e-01
-7.174038432544114219e-01
1.216320957115281987e+00
-4.428031910505326185e-01
4.489814087319783653e-02
-2.531807417449713493e-01
9.349820137134706721e-01
-1.245120269285407089e+00
-5.600103527785904589e-01
-2.377123778323906589e-01
9.216013217060001761e-01
-7.808984827842381238e-01
-3.390190267214085451e-02
-6.159014248148035608e-02
3.482674367574676855e-01
2.461667084199563593e+00
1.302018451321401149e-01
8.087925560253305113e-01
1.043798955635755199e+00
-8.332928213616175306e-02
-8.390310357477789305e-01
7.730202983188935173e-01
3.774240267359941226e-01
1.281224276715049903e+00
-1.002518291667001904e+00
-2.627280150985162807e-02
