0.000000000000000000e+00
0.000000000000000000e+00
0.000000000000000000e+00
0.000000000000000000e+00
0.000000000000000000e+00
0.000000000000000000e+00
0.000000000000000000e+00
0.000000000000000000e+00
0.000000000000000000e+00
0.000000000000000000e+00
0.000000000000000000e+00
0.000000000000000000e+00
2.099999999999999870e-03
7.833333333333332774e-03
3.599999999999999901e-03
1.499999999999999869e-04
0.000000000000000000e+00
0.000000000000000000e+00
0.000000000000000000e+00
0.000000000000000000e+00
0.000000000000000000e+00
0.000000000000000000e+00
0.000000000000000000e+00
0.000000000000000000e+00
0.000000000000000000e+00
0.000000000000000000e+00
0.000000000000000000e+00
0.000000000000000000e+00
0.000000000000000000e+00
0.000000000000000000e+00
0.000000000000000000e+00
0.000000000000000000e+00
2.666666666666666794e-04
9.166666666666666496e-04
9.283333333333332674e-03
2.428333333333333385e-02
4.371666666666666756e-02
6.410000000000000420e-02
1.201333333333333281e-01
1.607333333333333392e-01
1.741833333333333289e-01
1.774333333333333318e-01
1.893166666666666609e-01
1.741499999999999992e-01
1.869333333333333402e-01
1.536500000000000088e-01
1.001166666666666732e-01
7.123333333333332906e-02
5.381666666666666543e-02
2.136666666666666575e-02
1.008333333333333304e-02
3.533333333333333205e-03
0.000000000000000000e+00
0.000000000000000000e+00
0.000000000000000000e+00
0.000000000000000000e+00
0.000000000000000000e+00
0.000000000000000000e+00
1.066666666666666718e-03
6.999999999999999929e-04
6.949999999999999581e-03
5.483333333333333115e-03
4.710000000000000298e-02
1.383999999999999952e-01
2.641833333333333256e-01
5.066166666666667151e-01
8.668000000000000149e-01
1.290083333333333249e+00
1.870349999999999957e+00
2.529949999999999921e+00
3.201616666666666777e+00
3.625550000000000050e+00
3.721983333333333199e+00
3.392549999999999955e+00
2.802933333333333277e+00
2.044383333333333219e+00
1.202116666666666722e+00
6.334499999999999575e-01
2.961666666666666892e-01
9.398333333333333539e-02
3.521666666666666695e-02
8.633333333333333137e-03
0.000000000000000000e+00
0.000000000000000000e+00
0.000000000000000000e+00
0.000000000000000000e+00
3.233333333333333285e-03
5.850000000000000165e-03
1.201666666666666682e-02
6.976666666666667127e-02
2.120833333333333459e-01
5.461000000000000298e-01
1.154416666666666647e+00
2.215899999999999981e+00
3.639633333333333276e+00
5.437999999999999723e+00
7.407049999999999912e+00
9.696733333333332538e+00
1.188308333333333344e+01
1.323736666666666650e+01
1.312461666666666638e+01
1.181351666666666667e+01
9.543666666666666742e+00
6.863050000000000317e+00
4.193649999999999878e+00
2.274633333333333507e+00
1.061033333333333273e+00
4.130666666666666931e-01
1.620833333333333293e-01
2.776666666666666519e-02
2.799999999999999972e-03
0.000000000000000000e+00
0.000000000000000000e+00
6.333333333333332959e-04
5.216666666666666327e-03
1.434999999999999991e-02
8.088333333333333486e-02
4.102166666666666739e-01
1.043233333333333235e+00
2.419283333333333452e+00
4.775750000000000384e+00
8.394416666666666416e+00
1.331026666666666713e+01
1.947729999999999961e+01
2.703668333333333251e+01
3.521216666666666839e+01
4.184080000000000155e+01
4.525260000000000105e+01
4.433883333333333354e+01
3.914144999999999897e+01
3.132821666666666616e+01
2.292393333333333416e+01
1.483101666666666674e+01
8.661400000000000432e+00
4.547966666666666491e+00
2.137016666666666787e+00
8.629000000000000004e-01
2.077499999999999902e-01
2.964999999999999927e-02
2.033333333333333173e-03
0.000000000000000000e+00
0.000000000000000000e+00
1.031666666666666669e-02
6.335000000000000353e-02
3.954666666666666885e-01
1.463400000000000034e+00
3.587783333333333324e+00
7.227816666666666556e+00
1.301711666666666645e+01
2.121791666666666742e+01
3.150039999999999907e+01
4.420636666666666770e+01
5.890384999999999849e+01
7.380415000000000703e+01
8.510273333333333312e+01
9.059978333333333467e+01
8.892393333333333771e+01
8.018125000000000568e+01
6.594281666666667263e+01
4.979383333333333184e+01
3.434983333333333633e+01
2.151000000000000156e+01
1.239031666666666709e+01
6.639116666666666333e+00
2.992716666666666470e+00
8.436666666666666758e-01
1.416333333333333333e-01
4.700000000000000185e-03
0.000000000000000000e+00
1.833333333333333353e-04
2.750000000000000014e-02
2.214333333333333431e-01
1.119516666666666715e+00
3.289899999999999824e+00
7.436466666666667003e+00
1.425443333333333307e+01
2.413775000000000048e+01
3.728851666666666631e+01
5.311540000000000106e+01
7.091281666666667149e+01
8.927846666666667375e+01
1.062329666666666697e+02
1.185061166666666708e+02
1.240981500000000040e+02
1.217113333333333287e+02
1.120333333333333314e+02
9.610811666666666042e+01
7.516536666666667088e+01
5.403711666666666957e+01
3.531248333333333278e+01
2.099190000000000111e+01
1.144243333333333368e+01
5.387766666666666815e+00
1.855583333333333362e+00
3.726999999999999758e-01
3.030000000000000054e-02
7.833333333333333641e-04
1.973333333333333189e-02
1.076666666666666605e-01
5.956500000000000128e-01
2.312399999999999789e+00
5.928766666666666296e+00
1.243604999999999983e+01
2.245179999999999865e+01
3.629478333333333495e+01
5.389841666666666953e+01
7.376471666666667204e+01
9.410308333333333053e+01
1.115794833333333287e+02
1.249999166666666639e+02
1.327591166666666709e+02
1.353986999999999910e+02
1.333386500000000012e+02
1.266775333333333293e+02
1.135466666666666669e+02
9.374426666666666108e+01
6.977793333333333692e+01
4.683288333333333497e+01
2.814391666666666580e+01
1.520105000000000040e+01
7.033666666666666956e+00
2.583033333333333292e+00
5.131000000000000005e-01
3.188333333333333297e-02
4.066666666666666347e-03
5.081666666666666970e-02
3.293666666666666409e-01
1.317350000000000021e+00
3.748133333333333539e+00
8.483466666666666711e+00
1.681818333333333371e+01
2.959740000000000038e+01
4.693014999999999759e+01
6.810699999999999932e+01
9.029138333333332866e+01
1.084757166666666706e+02
1.194354166666666686e+02
1.233938500000000005e+02
1.230380499999999984e+02
1.223406499999999966e+02
1.227300500000000056e+02
1.221440999999999946e+02
1.162609333333333268e+02
1.006106000000000051e+02
7.731803333333333228e+01
5.289759999999999707e+01
3.181061666666666810e+01
1.635766666666666680e+01
7.185666666666667091e+00
2.606616666666666582e+00
4.815833333333333077e-01
2.718333333333333365e-02
4.866666666666666710e-03
7.946666666666667156e-02
5.120166666666666755e-01
1.719383333333333264e+00
4.445816666666666528e+00
9.806633333333333979e+00
1.952648333333333497e+01
3.450481666666666314e+01
5.470089999999999719e+01
7.813803333333333967e+01
9.903870000000000573e+01
1.106004666666666623e+02
1.107875499999999960e+02
1.045536166666666702e+02
9.904720000000000368e+01
9.938838333333333708e+01
1.043332166666666723e+02
1.108820666666666597e+02
1.110782666666666643e+02
9.914691666666666947e+01
7.704054999999999609e+01
5.270576666666666910e+01
3.144841666666666669e+01
1.539271666666666682e+01
5.961133333333333617e+00
1.897966666666666580e+00
3.518333333333333313e-01
2.821666666666666767e-02
6.666666666666667095e-03
9.856666666666666354e-02
5.230333333333333501e-01
1.674583333333333313e+00
4.289083333333333137e+00
9.876433333333332953e+00
2.053931666666666800e+01
3.718903333333333450e+01
5.971511666666666684e+01
8.339873333333333960e+01
1.002258999999999958e+02
1.031688166666666717e+02
9.389213333333333367e+01
8.295281666666666354e+01
7.942283333333332962e+01
8.452501666666667290e+01
9.386858333333333348e+01
1.044275333333333293e+02
1.062811833333333311e+02
9.422186666666667065e+01
7.184906666666667263e+01
4.831725000000000136e+01
2.847818333333333385e+01
1.349816666666666620e+01
4.600500000000000256e+00
1.150099999999999900e+00
2.218333333333333268e-01
1.873333333333333448e-02
5.933333333333332994e-03
7.639999999999999569e-02
4.208833333333333315e-01
1.280366666666666653e+00
3.646083333333333343e+00
9.553900000000000503e+00
2.113323333333333309e+01
3.985451666666666881e+01
6.408921666666667250e+01
8.720966666666666356e+01
9.878058333333333962e+01
9.486684999999999945e+01
8.168353333333332955e+01
7.334276666666666245e+01
7.614506666666666490e+01
8.542555000000000121e+01
9.729279999999999973e+01
1.074825833333333378e+02
1.055094333333333338e+02
8.902949999999999875e+01
6.494435000000000002e+01
4.249688333333333645e+01
2.534110000000000085e+01
1.258021666666666682e+01
3.989883333333333226e+00
6.045333333333333670e-01
1.244999999999999996e-01
8.166666666666665825e-03
3.799999999999999992e-03
4.368333333333333096e-02
2.420333333333333226e-01
8.788166666666666904e-01
3.068833333333333524e+00
9.607450000000000045e+00
2.277798333333333503e+01
4.357503333333333018e+01
6.897133333333333383e+01
9.025669999999999504e+01
9.789381666666666604e+01
9.108273333333333710e+01
7.970674999999999955e+01
7.936911666666667031e+01
8.933870000000000289e+01
1.017145166666666682e+02
1.130378666666666732e+02
1.175811000000000064e+02
1.074267166666666640e+02
8.451888333333333492e+01
5.858716666666666839e+01
3.826344999999999885e+01
2.373923333333333474e+01
1.271209999999999951e+01
4.294716666666666960e+00
4.432499999999999774e-01
7.978333333333333111e-02
1.016666666666666587e-02
5.333333333333333589e-04
1.824999999999999886e-02
1.226166666666666655e-01
6.073333333333332806e-01
2.917833333333333279e+00
1.063416666666666721e+01
2.555379999999999896e+01
4.758371666666666755e+01
7.263223333333333187e+01
9.167364999999999498e+01
9.688841666666667152e+01
9.109773333333333767e+01
8.686730000000000018e+01
9.696654999999999802e+01
1.113718333333333277e+02
1.239720666666666631e+02
1.298065499999999872e+02
1.265995499999999936e+02
1.088803333333333399e+02
8.115763333333333662e+01
5.522586666666666844e+01
3.720459999999999923e+01
2.397279999999999944e+01
1.364375000000000071e+01
5.102683333333333238e+00
5.846999999999999975e-01
8.298333333333333950e-02
1.086666666666666684e-02
1.883333333333333430e-03
8.250000000000000389e-03
5.416666666666666852e-02
4.661833333333333385e-01
3.065583333333333549e+00
1.235126666666666750e+01
2.852806666666666757e+01
5.050838333333333452e+01
7.375061666666667293e+01
9.036918333333333919e+01
9.507698333333333096e+01
9.328853333333333353e+01
9.782895000000000607e+01
1.154213166666666694e+02
1.302672499999999900e+02
1.395535999999999888e+02
1.371006333333333203e+02
1.280857499999999902e+02
1.069945166666666694e+02
7.955395000000000039e+01
5.609656666666666780e+01
3.894306666666666672e+01
2.553746666666666698e+01
1.461625000000000085e+01
5.721583333333333243e+00
8.203000000000000291e-01
9.245000000000000440e-02
2.216666666666666698e-03
7.333333333333333414e-04
3.866666666666666689e-03
4.510000000000000120e-02
5.055833333333333846e-01
3.560566666666666880e+00
1.440814999999999912e+01
3.098831666666666607e+01
5.120963333333333622e+01
7.144043333333333123e+01
8.573221666666667318e+01
9.138103333333333467e+01
9.424243333333333794e+01
1.050471166666666676e+02
1.232042000000000002e+02
1.356894333333333407e+02
1.391100500000000011e+02
1.318044999999999902e+02
1.214365666666666641e+02
1.013402999999999992e+02
7.837926666666666620e+01
5.828289999999999793e+01
4.125093333333333590e+01
2.698011666666666741e+01
1.489059999999999917e+01
5.828283333333333260e+00
1.079566666666666563e+00
1.482166666666666632e-01
1.083333333333333370e-02
6.666666666666666444e-04
3.966666666666666952e-03
7.433333333333333459e-02
6.229666666666666686e-01
4.469966666666667088e+00
1.652896666666666547e+01
3.255491666666666362e+01
4.994473333333333187e+01
6.631171666666666908e+01
7.788626666666667120e+01
8.370704999999999529e+01
8.944841666666665958e+01
1.011360166666666629e+02
1.158573999999999984e+02
1.264734166666666653e+02
1.274266499999999951e+02
1.210568166666666627e+02
1.112181000000000068e+02
9.537233333333333007e+01
7.735478333333333012e+01
5.960733333333333661e+01
4.204033333333333644e+01
2.672876666666666523e+01
1.424311666666666731e+01
5.615549999999999820e+00
1.287099999999999911e+00
1.915000000000000036e-01
1.230000000000000017e-02
0.000000000000000000e+00
7.283333333333333499e-03
1.121999999999999942e-01
9.533500000000000307e-01
5.952233333333333043e+00
1.852439999999999998e+01
3.345120000000000005e+01
4.817634999999999934e+01
6.046053333333333057e+01
6.921803333333333796e+01
7.468141666666666367e+01
8.073669999999999902e+01
8.958655000000000257e+01
1.019504166666666691e+02
1.126165000000000020e+02
1.154369166666666615e+02
1.122448333333333323e+02
1.045241500000000059e+02
9.262658333333332905e+01
7.726148333333333085e+01
5.932851666666666546e+01
4.080830000000000268e+01
2.494275000000000020e+01
1.283479999999999954e+01
5.156649999999999956e+00
1.416666666666666741e+00
2.100333333333333219e-01
8.883333333333333359e-03
1.899999999999999996e-03
5.316666666666666589e-03
1.804999999999999938e-01
1.520149999999999890e+00
7.621450000000000280e+00
2.041786666666666505e+01
3.491083333333333627e+01
4.818256666666666632e+01
5.827685000000000315e+01
6.599446666666666772e+01
7.174663333333333526e+01
7.658328333333332694e+01
8.312220000000000653e+01
9.512993333333332657e+01
1.065571999999999946e+02
1.122013833333333395e+02
1.113479333333333301e+02
1.050182833333333292e+02
9.361858333333333348e+01
7.662743333333332885e+01
5.670108333333333661e+01
3.776256666666666462e+01
2.254671666666666496e+01
1.138233333333333341e+01
4.579049999999999621e+00
1.298550000000000093e+00
1.539333333333333387e-01
1.218333333333333247e-02
2.500000000000000052e-04
1.218333333333333247e-02
2.863166666666666638e-01
2.043816666666666837e+00
8.723516666666666808e+00
2.173446666666666616e+01
3.683316666666666350e+01
5.097906666666666808e+01
6.235014999999999930e+01
7.127151666666667040e+01
7.788030000000000541e+01
8.263466666666666072e+01
8.996743333333333226e+01
1.014063166666666689e+02
1.124454833333333283e+02
1.178034499999999980e+02
1.159246166666666653e+02
1.074325000000000045e+02
9.227738333333333287e+01
7.188330000000000553e+01
5.080024999999999835e+01
3.269396666666666817e+01
1.877296666666666525e+01
9.156349999999999767e+00
3.640050000000000008e+00
1.068500000000000005e+00
1.466999999999999971e-01
6.833333333333333620e-03
0.000000000000000000e+00
1.526666666666666623e-02
3.320000000000000173e-01
2.255666666666666487e+00
8.513049999999999784e+00
2.069408333333333161e+01
3.708521666666666761e+01
5.379403333333333137e+01
6.886950000000000216e+01
8.115959999999999752e+01
9.040591666666666981e+01
9.788630000000000564e+01
1.067345666666666659e+02
1.173395166666666682e+02
1.249524166666666645e+02
1.255557500000000033e+02
1.182162500000000023e+02
1.038058333333333394e+02
8.387638333333333662e+01
6.123564999999999969e+01
4.095250000000000057e+01
2.494403333333333350e+01
1.362861666666666594e+01
6.537499999999999645e+00
2.713883333333333425e+00
7.491666666666666474e-01
1.116833333333333289e-01
1.683333333333333339e-03
5.333333333333333589e-04
1.269999999999999948e-02
2.842333333333333378e-01
1.839199999999999946e+00
6.632583333333333719e+00
1.690048333333333375e+01
3.280946666666666545e+01
5.157088333333333452e+01
7.042373333333333107e+01
8.725199999999999534e+01
1.009851333333333372e+02
1.124557499999999948e+02
1.225939999999999941e+02
1.303722999999999956e+02
1.318448999999999955e+02
1.248680333333333294e+02
1.100258000000000038e+02
8.946599999999999397e+01
6.659126666666666949e+01
4.559738333333333316e+01
2.855666666666666842e+01
1.629581666666666706e+01
8.511483333333332624e+00
4.109083333333333421e+00
1.702983333333333293e+00
4.438166666666666926e-01
5.904999999999999832e-02
6.499999999999999702e-04
5.166666666666666846e-04
9.833333333333332382e-04
1.870833333333333237e-01
1.087966666666666748e+00
3.944433333333333458e+00
1.084536666666666704e+01
2.339063333333333361e+01
4.063853333333333495e+01
6.096918333333333351e+01
8.100539999999999452e+01
9.911143333333333771e+01
1.131004999999999967e+02
1.225243166666666639e+02
1.253022500000000008e+02
1.206135666666666708e+02
1.071858666666666693e+02
8.770641666666666936e+01
6.597305000000000064e+01
4.533371666666666755e+01
2.873081666666666578e+01
1.690344999999999942e+01
9.161450000000000315e+00
4.708966666666666967e+00
2.225016666666666865e+00
8.351333333333332831e-01
1.891166666666666551e-01
1.783333333333333298e-02
1.199999999999999895e-03
0.000000000000000000e+00
0.000000000000000000e+00
6.416666666666666352e-02
4.187666666666666759e-01
1.732699999999999907e+00
5.014733333333333043e+00
1.203091666666666626e+01
2.394013333333333193e+01
4.025658333333333161e+01
5.889248333333333107e+01
7.726886666666666770e+01
9.203220000000000312e+01
9.970438333333333958e+01
9.916466666666666185e+01
9.059210000000000207e+01
7.558350000000000080e+01
5.758613333333333628e+01
4.019380000000000308e+01
2.549723333333333386e+01
1.523983333333333334e+01
8.523683333333332612e+00
4.419233333333333569e+00
2.205066666666666730e+00
9.816500000000000226e-01
3.103666666666666796e-01
5.796666666666666634e-02
9.616666666666667460e-03
0.000000000000000000e+00
0.000000000000000000e+00
0.000000000000000000e+00
1.584999999999999951e-02
1.222000000000000031e-01
5.436333333333333018e-01
1.600850000000000106e+00
4.203316666666666812e+00
9.143583333333333840e+00
1.682761666666666756e+01
2.707681666666666587e+01
3.810338333333333338e+01
4.704378333333333018e+01
5.160875000000000057e+01
5.096224999999999739e+01
4.543758333333333610e+01
3.674453333333333660e+01
2.744178333333333342e+01
1.910858333333333192e+01
1.211415000000000042e+01
7.214900000000000091e+00
3.959333333333333371e+00
1.993183333333333307e+00
9.512333333333333751e-01
3.996333333333333404e-01
1.018166666666666664e-01
2.218333333333333268e-02
1.933333333333333345e-03
0.000000000000000000e+00
0.000000000000000000e+00
0.000000000000000000e+00
1.566666666666666728e-03
1.778333333333333502e-02
1.277833333333333321e-01
4.744999999999999774e-01
1.405499999999999972e+00
3.180783333333333296e+00
6.143399999999999750e+00
9.828699999999999548e+00
1.386933333333333351e+01
1.671833333333333371e+01
1.810001666666666509e+01
1.777540000000000120e+01
1.580766666666666609e+01
1.312354999999999983e+01
1.049804999999999922e+01
7.791166666666666352e+00
5.221933333333333316e+00
3.162133333333333240e+00
1.691333333333333355e+00
8.253833333333333577e-01
3.705833333333333202e-01
1.398166666666666724e-01
3.126666666666666483e-02
3.566666666666666770e-03
1.733333333333333254e-03
0.000000000000000000e+00
0.000000000000000000e+00
0.000000000000000000e+00
0.000000000000000000e+00
6.333333333333332959e-04
3.545000000000000234e-02
1.630833333333333302e-01
5.382833333333333359e-01
1.199349999999999916e+00
2.316083333333333272e+00
3.511433333333333184e+00
4.850216666666666399e+00
5.980233333333333512e+00
6.444816666666667082e+00
6.259233333333333427e+00
5.570516666666666339e+00
4.450766666666666538e+00
3.534933333333333483e+00
2.591816666666666880e+00
1.701166666666666716e+00
1.008599999999999941e+00
5.402833333333333377e-01
2.384000000000000008e-01
7.526666666666666228e-02
1.616666666666666599e-02
5.166666666666666846e-04
9.833333333333332382e-04
0.000000000000000000e+00
0.000000000000000000e+00
0.000000000000000000e+00
0.000000000000000000e+00
0.000000000000000000e+00
0.000000000000000000e+00
2.533333333333333184e-03
1.558333333333333272e-02
4.163333333333333469e-02
8.920000000000000151e-02
1.282166666666666732e-01
1.967333333333333434e-01
3.360166666666666857e-01
4.299666666666666637e-01
5.259833333333333583e-01
5.906833333333333380e-01
6.880333333333333856e-01
5.920666666666666300e-01
4.827333333333333476e-01
3.435166666666666924e-01
2.004333333333333245e-01
8.886666666666666325e-02
4.563333333333333131e-02
1.928333333333333288e-02
1.511666666666666714e-02
2.000000000000000042e-03
0.000000000000000000e+00
0.000000000000000000e+00
0.000000000000000000e+00
0.000000000000000000e+00
