1.000000000000000021e-08
1.000000000000000021e-08
1.000000000000000021e-08
1.000000000000000021e-08
1.000000000000000021e-08
1.000000000000000021e-08
1.000000000000000021e-08
1.000000000000000021e-08
1.000000000000000021e-08
1.000000000000000021e-08
1.000000000000000021e-08
1.000000000000000021e-08
4.753198216354235783e-01
1.361177921057350027e+00
8.818089689026309408e-01
3.674204995429335152e-02
1.000000000000000021e-08
1.000000000000000021e-08
1.000000000000000021e-08
1.000000000000000021e-08
1.000000000000000021e-08
1.000000000000000021e-08
1.000000000000000021e-08
1.000000000000000021e-08
1.000000000000000021e-08
1.000000000000000021e-08
1.000000000000000021e-08
1.000000000000000021e-08
1.000000000000000021e-08
1.000000000000000021e-08
1.000000000000000021e-08
1.000000000000000021e-08
6.531919214090772807e-02
1.946342645789707060e-01
1.055002610183211287e+00
2.095095947275293913e+00
2.962038528717664931e+00
3.323851870415779342e+00
4.869257446429243075e+00
5.528987089824584977e+00
5.693631847386986244e+00
5.693532956443686288e+00
5.923018035723693231e+00
5.766072195136216827e+00
5.970362025453606059e+00
5.413376191043534291e+00
4.330457259113567048e+00
3.716529638413835102e+00
3.208663350560342575e+00
1.943067207041910827e+00
1.211231474139900399e+00
8.065694008290531514e-01
1.000000000000000021e-08
1.000000000000000021e-08
1.000000000000000021e-08
1.000000000000000021e-08
1.000000000000000021e-08
1.000000000000000021e-08
2.612767385636480255e-01
1.297414580162361830e-01
8.154968100140924658e-01
4.575149639149247438e-01
2.668029543195872044e+00
4.994424779016834570e+00
7.136214494333589009e+00
9.714366838893599976e+00
1.293032706541429810e+01
1.553998075837743897e+01
1.882031813193654557e+01
2.196439778605066451e+01
2.479312272685070440e+01
2.619717804883223522e+01
2.679929459151696491e+01
2.573165602286036702e+01
2.327447024521076102e+01
2.006445564975571472e+01
1.529315094497467165e+01
1.111401328593109561e+01
7.468077761707703210e+00
3.960797547497711069e+00
2.499701949510680254e+00
1.102478490011628010e+00
1.000000000000000021e-08
1.000000000000000021e-08
1.000000000000000021e-08
1.000000000000000021e-08
6.022924740259671950e-01
6.594814559100886653e-01
8.540134367417548944e-01
3.150190365976492490e+00
6.028496560522726533e+00
9.924817797918116469e+00
1.459510896791432266e+01
2.058448981479002526e+01
2.653375403259756027e+01
3.254226518416038516e+01
3.778938335547147886e+01
4.319428585114348351e+01
4.778924999184974354e+01
5.050156094690251507e+01
4.998008958594537177e+01
4.766284165801931039e+01
4.299975458163070385e+01
3.665935845178280772e+01
2.840453984099584162e+01
2.102941535767432413e+01
1.381335978470245607e+01
8.774594545488275443e+00
5.366648156321335073e+00
1.821811108573907934e+00
5.299297160306245535e-01
1.000000000000000021e-08
1.000000000000000021e-08
1.551330675844878604e-01
6.719544626148388211e-01
9.635234455395457198e-01
3.375377700430233663e+00
8.148775313872233639e+00
1.324446920330137623e+01
2.082330229741164018e+01
2.961750207555430947e+01
3.960347189684088676e+01
4.987010095164679768e+01
5.980538871407662072e+01
6.928191903891814718e+01
7.788986232838450974e+01
8.378247682956894948e+01
8.645424393842461086e+01
8.565922499661067491e+01
8.139166794081548062e+01
7.404802715335688390e+01
6.425942692305825688e+01
5.228012524541987460e+01
3.994435234388271994e+01
2.868938304968838793e+01
1.964448124774063942e+01
1.216679650386828015e+01
5.333284483084447913e+00
2.080353556274963545e+00
3.523670519070598584e-01
1.000000000000000021e-08
1.000000000000000021e-08
8.668200026872880937e-01
2.872995562412650195e+00
7.628884121200155910e+00
1.614168085309366063e+01
2.568810544330268897e+01
3.667413689464569160e+01
4.923550911695143384e+01
6.227185504095521651e+01
7.455085178141391111e+01
8.576954771076982809e+01
9.561764955851118941e+01
1.030808265141586446e+02
1.071660245351540937e+02
1.084963348634213816e+02
1.078930650352247227e+02
1.051089682212982410e+02
9.893012828279294979e+01
8.951693972149605827e+01
7.673442828897933055e+01
6.187709135510043978e+01
4.750143229960569613e+01
3.488652386311019882e+01
2.283120008693230574e+01
1.127202851225906244e+01
4.435726932637151343e+00
5.725480370976701039e-01
1.000000000000000021e-08
3.291352883684160735e-02
1.755850350053114628e+00
6.089077713472871523e+00
1.416673801725383974e+01
2.468244096147147104e+01
3.734020573404730214e+01
5.175343754812634955e+01
6.643369659243712988e+01
8.052274715719175902e+01
9.239948602684137313e+01
1.014774236850859381e+02
1.077235781609905274e+02
1.110187580039892907e+02
1.121714962226357812e+02
1.123346550215877073e+02
1.123308524276895639e+02
1.121509072238244471e+02
1.098695373142841163e+02
1.037393648650536164e+02
9.307021654398427302e+01
7.809753158113497307e+01
6.186398604165000847e+01
4.596640099391774470e+01
3.115401853645680674e+01
1.782428196355493810e+01
7.713541871127965521e+00
2.060100794750092223e+00
1.918751075387625793e-01
1.491445817114117611e+00
4.102553022723190779e+00
1.006869825807170749e+01
2.046283802365962501e+01
3.322526337707994060e+01
4.820084554611386096e+01
6.398131741406870532e+01
7.905668422744248858e+01
9.226881217039138505e+01
1.017508636840493352e+02
1.074678660157489958e+02
1.099518762213477032e+02
1.104075138695964853e+02
1.104312128012762741e+02
1.101216510978371588e+02
1.102247694563975244e+02
1.106731134955377627e+02
1.109801896335911522e+02
1.086318759356454251e+02
1.010571040966905940e+02
8.788284355007992588e+01
7.079385712106068240e+01
5.283989998053662873e+01
3.570261849316732139e+01
2.130706860547535797e+01
9.032081445451712653e+00
2.071601673702295532e+00
8.092075208131886965e-01
2.933899746937622677e+00
7.645370129585995933e+00
1.545298588039441157e+01
2.687636006578400227e+01
4.022825119392536664e+01
5.605725192891589614e+01
7.267061750137240494e+01
8.806748836021584736e+01
1.000647304815334877e+02
1.072358863187203184e+02
1.104147931477741764e+02
1.111088091221503760e+02
1.113682279695581343e+02
1.111865644060667080e+02
1.108012611681810142e+02
1.107647259399328590e+02
1.110194687314572235e+02
1.113838073929853749e+02
1.102004039761498433e+02
1.045981356919294001e+02
9.263938713870491881e+01
7.508329942219430109e+01
5.485538146484380206e+01
3.634886511683672694e+01
2.159872604233210325e+01
8.928853659436706280e+00
2.012753778611390043e+00
8.240608788412807639e-01
3.764467885041925754e+00
9.662690573861928200e+00
1.847240206332320867e+01
2.956020012491175564e+01
4.335553724960531241e+01
6.033296611172237078e+01
7.804202764127651903e+01
9.362624938765583238e+01
1.043822883230321850e+02
1.099880875572635688e+02
1.114488479468388817e+02
1.113343748229814594e+02
1.101078301520319798e+02
1.089742500517306922e+02
1.087476437012310555e+02
1.093290242898465152e+02
1.105407232378183267e+02
1.111353289607784944e+02
1.099788902518323397e+02
1.045778241684009231e+02
9.285896579544275653e+01
7.484654906760206927e+01
5.304639659151590081e+01
3.284690381205159326e+01
1.808624678848277156e+01
7.452016290097758677e+00
1.996810922360310547e+00
1.154840066265647724e+00
4.355136970600729462e+00
9.905338779177068176e+00
1.816136524850094602e+01
2.908805622141813885e+01
4.345403892407594526e+01
6.178570132945291249e+01
8.037463178558530785e+01
9.646507758468460736e+01
1.063375934490112087e+02
1.103554390959861564e+02
1.107706777678589987e+02
1.079744983793815862e+02
1.040735526401680318e+02
1.029577227831632911e+02
1.051881712754399700e+02
1.074085850780851530e+02
1.097417312789975341e+02
1.104643506059870788e+02
1.091196116380050540e+02
1.024477152234520929e+02
8.990986025401724646e+01
7.177485603469307307e+01
4.976784602165223959e+01
2.887503824519779982e+01
1.415361215167241227e+01
6.003467616772555360e+00
1.577756559308212569e+00
8.409903759112534738e-01
3.678173882997327837e+00
8.916346826552841165e+00
1.561349720095362770e+01
2.652520989907904081e+01
4.242746707388570115e+01
6.243340919297267533e+01
8.252563371211746812e+01
9.885914133601642106e+01
1.076921396483374593e+02
1.101895595864547346e+02
1.088190156019638977e+02
1.040586252276197143e+02
1.001209391004137075e+02
1.027667307922127264e+02
1.064877026984451902e+02
1.079516411963422513e+02
1.099315361131415187e+02
1.104177285578856953e+02
1.079272483292057672e+02
9.900236944164862507e+01
8.510198465367155052e+01
6.856853397993702970e+01
4.867291717434790854e+01
2.665329025692120979e+01
9.892323942341903376e+00
4.444592201644169016e+00
8.949674054340924778e-01
7.163929840954740280e-01
2.690125490294287935e+00
6.653176183749116568e+00
1.281409893526585009e+01
2.409413128656426295e+01
4.248389171613639093e+01
6.467289999083153873e+01
8.584800777175743747e+01
1.015105893339253242e+02
1.089726360481947296e+02
1.101378359631049193e+02
1.081869993299958281e+02
1.039832481212668114e+02
1.030493724950229932e+02
1.089039848574020510e+02
1.108383421241097579e+02
1.098419129247898240e+02
1.111059564485155278e+02
1.112453186960133991e+02
1.063830778157055619e+02
9.499347734030533275e+01
8.139897304260875899e+01
6.684765218079428450e+01
4.977182651443553851e+01
2.791958558630665976e+01
8.450215753051109502e+00
3.709840701058261025e+00
1.024660915969688668e+00
1.306383742818246207e-01
1.669046725192820935e+00
4.800064088016801733e+00
1.064132728727811639e+01
2.340595257138697249e+01
4.458804249490924576e+01
6.846132855074007750e+01
8.925248078703505428e+01
1.034508468617569861e+02
1.094676034931389665e+02
1.100911846366191043e+02
1.083188910133780496e+02
1.063519363222903706e+02
1.087161528933752805e+02
1.138130593367523886e+02
1.116057651824472003e+02
1.099468544159338848e+02
1.121483636024272670e+02
1.115496709189291380e+02
1.046931313593370021e+02
9.290298947164021115e+01
8.071983858047755689e+01
6.743393306169289758e+01
5.176927502844980467e+01
3.101865632304773257e+01
9.824738814502046225e+00
3.551051089101210145e+00
1.467610965108180121e+00
4.613167338697429232e-01
1.032754548843206166e+00
2.960500976427296038e+00
9.080414268155804436e+00
2.370056995024232904e+01
4.796209940522949466e+01
7.222088211661150581e+01
9.176306318392184380e+01
1.042672265225538411e+02
1.093991929701673627e+02
1.095542296114647058e+02
1.083813113533948211e+02
1.082135940046197931e+02
1.115501333235361159e+02
1.137272001899964522e+02
1.095218455951428211e+02
1.098392427222357099e+02
1.123780918708079071e+02
1.110727243242915279e+02
1.042631326252238466e+02
9.395984253973331590e+01
8.250300313876256553e+01
6.932550995823490325e+01
5.347565384055874205e+01
3.299898738073200377e+01
1.189828313166407980e+01
3.751320177285809798e+00
3.173511610229745594e-01
1.537296283420540033e-01
9.229581431540443415e-01
2.418456678346069921e+00
9.490579663518088793e+00
2.535645609147714907e+01
5.198108660482375853e+01
7.517622395634381860e+01
9.243559427544165885e+01
1.032368084577941119e+02
1.081681054851713242e+02
1.085361696199650225e+02
1.083536570445059226e+02
1.095765342833091438e+02
1.126075320361896672e+02
1.126151935453819561e+02
1.093266834210627110e+02
1.113557848309440459e+02
1.126130536178323496e+02
1.098439181965362366e+02
1.041610861064519185e+02
9.557908332630854886e+01
8.474699444512951629e+01
7.083314517985019165e+01
5.350578285920934007e+01
3.321119034378040880e+01
1.401558784921499168e+01
5.002874032640368007e+00
1.189138061512243327e+00
1.632979653520655605e-01
5.913974501548715512e-01
3.441129847065087954e+00
1.026174186339310523e+01
2.846706164268782402e+01
5.562252806832380259e+01
7.708830835931408387e+01
9.151967956361704637e+01
1.006094486188703456e+02
1.050741431886495860e+02
1.061760778098783931e+02
1.072565044242544872e+02
1.100005905362779544e+02
1.129263271673018636e+02
1.126435472138293790e+02
1.112835119054041257e+02
1.121457488751900939e+02
1.112307454556436568e+02
1.085111221798309913e+02
1.040297139324365219e+02
9.682462280587239434e+01
8.526071511311010909e+01
7.036213826024894047e+01
5.207384863817935639e+01
3.235898611173053041e+01
1.531347687158367421e+01
5.605571145036971181e+00
1.375893190204475980e+00
1.000000000000000021e-08
8.154121469321231608e-01
4.417711841553556340e+00
1.290051061142052369e+01
3.346582563874191862e+01
5.911097477755348706e+01
7.797245124687579221e+01
9.003428542769871967e+01
9.739414892246614386e+01
1.013902511594028368e+02
1.032266749604809633e+02
1.054611104083013515e+02
1.085804887841535447e+02
1.108891662594481033e+02
1.119158916179783461e+02
1.117692041190164929e+02
1.110595296475081426e+02
1.098508972151482368e+02
1.082762112015439016e+02
1.043621296826383684e+02
9.674193021679865012e+01
8.411371897295819622e+01
6.777148127192727145e+01
4.921662026128815626e+01
3.063348730922372098e+01
1.599982466180783547e+01
5.844611716424513048e+00
8.293799509128098046e-01
3.217085582234150976e-01
8.369916864152634473e-01
5.417132069490558699e+00
1.664916797651696001e+01
3.827796386081568158e+01
6.225577875742158085e+01
7.952436681650489447e+01
9.015286391022887358e+01
9.617468814261937382e+01
1.000818272117923158e+02
1.028112077582846098e+02
1.048478681994910886e+02
1.064133513049631716e+02
1.091329387467876870e+02
1.111760705535211002e+02
1.109535320016203883e+02
1.101965072552830804e+02
1.102039204592732631e+02
1.090204929061542458e+02
1.046377729574683855e+02
9.531025968244021840e+01
8.148509144032604468e+01
6.464616424951123008e+01
4.629133564155272040e+01
2.894451908409010699e+01
1.519874725763952661e+01
4.877797107959127132e+00
1.248239396651350752e+00
6.123674325707872262e-02
1.079923571980932806e+00
7.201648393050152919e+00
1.968002618122368474e+01
4.115235725678452638e+01
6.440263912810897295e+01
8.154307962627734696e+01
9.233136771235514573e+01
9.867302508939724248e+01
1.028116113615341618e+02
1.054738524028266653e+02
1.072159958542922737e+02
1.085554316540342370e+02
1.103114620471201590e+02
1.114639210544338539e+02
1.110485573386186076e+02
1.106020346538081753e+02
1.110924159396254680e+02
1.090102000303532890e+02
1.025113625401282320e+02
9.146842306742209416e+01
7.655329110142233162e+01
5.925614165395786159e+01
4.149043510869912410e+01
2.580547719341241120e+01
1.366874444452971460e+01
5.026971839707169210e+00
8.514223330702527237e-01
1.000000000000000021e-08
1.476166304456870915e+00
7.672110280327142817e+00
2.066252973304951368e+01
4.072594951434685129e+01
6.266668439377933453e+01
8.152832098772255165e+01
9.450867021755325936e+01
1.023406716403342926e+02
1.067045348769784141e+02
1.090860923789668817e+02
1.104178180421150586e+02
1.112003269511356081e+02
1.116048182084167877e+02
1.114745997438872394e+02
1.112152705079580528e+02
1.112372919550818580e+02
1.105101642452589203e+02
1.065303140161447431e+02
9.766592234597754896e+01
8.390826366987444374e+01
6.760795763630706290e+01
5.060902382084601214e+01
3.492018796887069954e+01
2.231308557099591994e+01
1.126671127100172676e+01
4.290067239431739843e+00
2.915713272718103988e-01
1.306383742818496285e-01
1.268794205288276356e+00
7.018326834262100355e+00
1.839481295713448361e+01
3.524188401649052338e+01
5.640426296740292855e+01
7.679247336332190343e+01
9.287844570953039636e+01
1.032943210061407910e+02
1.088490005994903242e+02
1.111367110718791480e+02
1.114587252940082607e+02
1.110832347066321830e+02
1.103604048632534642e+02
1.105909107757341872e+02
1.109637190872868757e+02
1.106111588851256613e+02
1.075011775725593282e+02
9.981812680599503551e+01
8.723524737686454955e+01
7.155885892267455972e+01
5.492342891333947819e+01
4.003026149800804490e+01
2.763450110602213172e+01
1.757542217941705687e+01
8.714062022996964529e+00
2.921180667001699316e+00
1.592155164686126778e-01
1.265559253979387788e-01
1.637550090756485777e-01
5.550388869625292543e+00
1.377653423304522207e+01
2.669823051964075589e+01
4.458522314351259297e+01
6.491154062951653714e+01
8.354220117316118888e+01
9.795662850954070677e+01
1.070502880565287569e+02
1.115194795458800030e+02
1.128555367214219132e+02
1.124496624166104368e+02
1.121335120760794837e+02
1.122153841422406089e+02
1.112957250862178427e+02
1.072640706898983609e+02
9.925895337793905071e+01
8.658163229913974135e+01
7.144445155801952296e+01
5.577423326121257929e+01
4.132720635032533352e+01
2.954813812843661580e+01
2.021626864443071270e+01
1.192370269200973887e+01
5.092594458777315758e+00
1.461579739454575977e+00
2.939363296343159848e-01
1.000000000000000021e-08
1.000000000000000021e-08
2.821911177788134939e+00
8.067882909428121252e+00
1.732907530874762259e+01
2.977311063455351459e+01
4.621752295845022473e+01
6.473156584912389633e+01
8.213986537186333692e+01
9.570245273112094253e+01
1.045617966219357413e+02
1.091494663233604712e+02
1.105429647829315627e+02
1.102067084486880759e+02
1.078800277457255135e+02
1.028829111003065151e+02
9.400655677268690624e+01
8.168289667894566719e+01
6.711066875205577276e+01
5.276632809875558650e+01
3.993462290503544665e+01
2.875835954966740360e+01
2.020660984428860019e+01
1.324786071569240953e+01
7.164977739594485584e+00
2.996654789174554967e+00
9.244588713831197735e-01
1.000000000000000021e-08
1.000000000000000021e-08
1.000000000000000021e-08
1.531001461392173857e+00
4.250419655164773935e+00
9.443263718354659275e+00
1.679614924954485033e+01
2.736360379921607944e+01
4.092470730473500140e+01
5.543099104680875655e+01
6.969938869118439584e+01
8.103726301427008138e+01
8.824180057159632895e+01
9.110009609545922160e+01
9.055389128437701629e+01
8.619238678226196271e+01
7.850433218419262005e+01
6.933156528983668920e+01
5.883375698386190322e+01
4.737548544049604260e+01
3.707330826075862973e+01
2.738616706969396475e+01
1.958449396652078889e+01
1.331789105220217806e+01
8.364422277293787289e+00
3.953671303840256890e+00
1.949425027723254322e+00
4.067713571826765406e-01
1.000000000000000021e-08
1.000000000000000021e-08
1.000000000000000021e-08
2.350834254554174108e-01
1.621943418297889128e+00
4.629084306026402196e+00
9.204012708270083110e+00
1.619765014050170393e+01
2.477399310866347903e+01
3.495018412645500661e+01
4.406413118618125679e+01
5.201514581281388416e+01
5.670224068197985190e+01
5.886080287007093403e+01
5.824560231757114082e+01
5.465397584482886373e+01
4.985558497361915897e+01
4.491651882949830110e+01
3.875665821612201256e+01
3.190115326390711203e+01
2.476879851636451590e+01
1.799958310392371530e+01
1.256611419403166607e+01
8.069046917348886794e+00
4.868470129010962211e+00
1.992391135145129111e+00
6.284536244819347584e-01
4.245746939161134659e-01
1.000000000000000021e-08
1.000000000000000021e-08
1.000000000000000021e-08
1.000000000000000021e-08
1.551330675843935747e-01
2.344360611706850506e+00
5.198777477803301572e+00
1.009339889507238652e+01
1.513790528926056034e+01
2.137068572647749320e+01
2.620882045807310590e+01
3.079244954370444631e+01
3.415217040388758818e+01
3.528952614454093606e+01
3.467040474868863242e+01
3.279156895794184834e+01
2.906009881826419061e+01
2.610095107176867657e+01
2.225111615502047258e+01
1.810690749411984513e+01
1.389698623148361278e+01
1.031776836946917086e+01
6.552510885477397018e+00
3.500276417495863601e+00
1.241748228799480547e+00
1.149626114068066779e-01
2.408644941444852416e-01
1.000000000000000021e-08
1.000000000000000021e-08
1.000000000000000021e-08
1.000000000000000021e-08
1.000000000000000021e-08
1.000000000000000021e-08
4.375236271407871302e-01
1.721183854447708272e+00
2.601198451530706723e+00
4.032593471614656977e+00
4.776007110049460991e+00
6.177828322781720338e+00
7.680660320136180275e+00
9.093482767755658003e+00
9.898290680604878489e+00
1.043189548492038021e+01
1.140291820954371005e+01
1.051721559820524732e+01
9.397817231511449876e+00
8.057665902373583933e+00
6.042421694406494126e+00
3.956155894471146794e+00
2.839821177885203163e+00
1.686755718372743074e+00
1.678269402278340205e+00
3.465967978291593088e-01
1.000000000000000021e-08
1.000000000000000021e-08
1.000000000000000021e-08
1.000000000000000021e-08
